0. 0.00025
 0.1 0.00025
 0.2 0.00025
 0.3 0.00025
 0.4 0.1565
 0.5 0.1565
 0.6 0.00025
 0.7 0.00025
 0.8 0.1565
 0.9 0.1565
1. 0.00025
 1.1 0.00025
 1.2 0.00025
 1.3 0.00025
 1.4 0.00025
 1.5 0.00025
 1.6 0.1565
 1.7 0.00025
 1.8 0.00025
 1.9 0.31275
2. -0.156
 2.1 0.00025
 2.2 0.00025
 2.3 0.00025
 2.4 0.1565
 2.5 0.00025
 2.6 0.1565
 2.7 0.00025
 2.8 0.00025
 2.9 0.00025
3. 0.00025
 3.1 0.1565
 3.2 0.00025
 3.3 0.00025
 3.4 0.1565
 3.5 0.00025
 3.6 0.1565
 3.7 0.1565
 3.8 0.1565
 3.9 0.1565
4. 0.1565
 4.1 0.1565
 4.2 0.1565
 4.3 0.1565
 4.4 0.1565
 4.5 0.1565
 4.6 0.1565
 4.7 0.1565
 4.8 0.1565
 4.9 0.1565
5. 0.1565
 5.1 0.1565
 5.2 0.1565
 5.3 0.1565
 5.4 0.1565
 5.5 0.1565
 5.6 0.00025
 5.7 0.00025
 5.8 0.00025
 5.9 0.00025
6. 0.00025
 6.1 0.00025
 6.2 0.1565
 6.3 0.00025
 6.4 0.1565
 6.5 0.00025
 6.6 0.1565
 6.7 0.00025
 6.8 0.00025
 6.9 -0.156
7. 0.00025
 7.1 -0.156
 7.2 0.00025
 7.3 0.00025
 7.4 0.00025
 7.5 0.1565
 7.6 0.00025
 7.7 0.1565
 7.8 0.00025
 7.9 0.00025
8. 0.00025
 8.1 0.1565
 8.2 0.1565
 8.3 0.1565
 8.4 0.1565
 8.5 0.1565
 8.6 0.1565
 8.7 0.1565
 8.8 0.1565
 8.9 0.1565
9. 0.00025
 9.1 0.1565
 9.2 0.00025
 9.3 0.00025
 9.4 0.00025
 9.5 0.00025
 9.6 0.1565
 9.7 0.00025
 9.8 0.00025
 9.9 0.1565
10. 0.1565
 10.1 0.00025
 10.2 0.1565
 10.3 0.1565
 10.4 0.00025
 10.5 0.00025
 10.6 0.00025
 10.7 0.1565
 10.8 0.1565
 10.9 0.00025
11. 0.00025
 11.1 0.00025
 11.2 0.1565
 11.3 0.00025
 11.4 0.00025
 11.5 0.00025
 11.6 0.1565
 11.7 0.00025
 11.8 0.00025
 11.9 0.00025
12. 0.00025
 12.1 0.00025
 12.2 0.00025
 12.3 0.1565
 12.4 0.00025
 12.5 0.00025
 12.6 0.00025
 12.7 0.00025
 12.8 0.00025
 12.9 0.00025
13. 0.00025
 13.1 0.00025
 13.2 0.1565
 13.3 0.1565
 13.4 0.00025
 13.5 0.1565
 13.6 0.00025
 13.7 0.00025
 13.8 0.1565
 13.9 0.1565
14. 0.1565
 14.1 0.1565
 14.2 0.1565
 14.3 0.1565
 14.4 0.00025
 14.5 0.1565
 14.6 0.1565
 14.7 0.1565
 14.8 0.1565
 14.9 0.1565
15. 0.469
 15.1 0.7815
 15.2 0.7815
 15.3 0.62525
 15.4 0.1565
 15.5 -0.781
 15.6 -1.0935
 15.7 -1.0935
 15.8 -0.4685
 15.9 0.00025
16. 0.469
 16.1 0.93775
 16.2 1.25025
 16.3 1.094
 16.4 0.31275
 16.5 -0.4685
 16.6 -0.781
 16.7 -0.31225
 16.8 0.1565
 16.9 0.7815
17. 1.094
 17.1 1.094
 17.2 0.7815
 17.3 0.469
 17.4 0.1565
 17.5 -0.31225
 17.6 -0.156
 17.7 0.00025
 17.8 0.469
 17.9 0.7815
18. 0.93775
 18.1 0.7815
 18.2 0.469
 18.3 0.1565
 18.4 -0.156
 18.5 -0.156
 18.6 -0.156
 18.7 0.00025
 18.8 0.31275
 18.9 0.469
19. 0.7815
 19.1 0.62525
 19.2 0.469
 19.3 0.31275
 19.4 0.1565
 19.5 -0.156
 19.6 -0.156
 19.7 0.00025
 19.8 0.31275
 19.9 0.62525
20. 0.7815
 20.1 0.7815
 20.2 0.7815
 20.3 0.469
 20.4 0.31275
 20.5 0.31275
 20.6 0.31275
 20.7 0.469
 20.8 0.469
 20.9 0.62525
21. 0.7815
 21.1 0.7815
 21.2 0.7815
 21.3 0.7815
 21.4 0.7815
 21.5 0.7815
 21.6 0.62525
 21.7 0.31275
 21.8 0.1565
 21.9 0.1565
22. 0.1565
 22.1 0.469
 22.2 0.469
 22.3 0.7815
 22.4 0.7815
 22.5 0.62525
 22.6 0.469
 22.7 0.31275
 22.8 0.31275
 22.9 0.1565
23. 0.00025
 23.1 0.00025
 23.2 0.00025
 23.3 0.1565
 23.4 0.31275
 23.5 0.31275
 23.6 0.469
 23.7 0.469
 23.8 0.62525
 23.9 0.62525
24. 0.7815
 24.1 0.7815
 24.2 0.62525
 24.3 0.7815
 24.4 0.7815
 24.5 0.93775
 24.6 0.93775
 24.7 0.93775
 24.8 1.25025
 24.9 0.93775
25. 0.93775
 25.1 0.93775
 25.2 0.93775
 25.3 1.25025
 25.4 1.25025
 25.5 1.56275
 25.6 1.56275
 25.7 1.56275
 25.8 1.25025
 25.9 1.094
26. 0.93775
 26.1 1.094
 26.2 1.25025
 26.3 1.56275
 26.4 1.719
 26.5 1.719
 26.6 1.719
 26.7 1.4065
 26.8 1.56275
 26.9 1.4065
27. 1.56275
 27.1 1.719
 27.2 1.87525
 27.3 2.0315
 27.4 2.0315
 27.5 2.0315
 27.6 2.0315
 27.7 2.0315
 27.8 2.0315
 27.9 2.0315
28. 2.0315
 28.1 1.719
 28.2 0.1565
 28.3 -3.12475
 28.4 -7.81225
 28.5 -11.406
 28.6 -11.7185
 28.7 -7.49975
 28.8 -0.31225
 28.9 7.6565
29. 13.43775
 29.1 16.25025
 29.2 15.00025
 29.3 11.4065
 29.4 6.25025
 29.5 1.719
 29.6 -1.56225
 29.7 -3.12475
 29.8 -2.9685
 29.9 -1.7185
